255084281711200.7
255084281711200.20
255084281711200.27
255084281711200.34
255084281711200.52
255084281711200.64
255084281711200.79
255084281711200.89
255084281711200.118
255084281711200.124
255084281711200.134
255084281711200.168
255084281711200.186
255084281711200.200
255084281711200.208
255084281711200.224
255084281711200.231
255084281711200.243
255084281711200.246
255084281711200.248
255084281711200.255
255084281711200.259
255084281711200.268
255084281711200.280
255084281711200.283
255084281711200.294
